9553310397
9425499327
9755649273
9148366317
9828994495
9163027451
9755196728
9585111671
9558590271
9390415125
9632339125
9491169020
9479040114
9246421411
9366649525
9410685652
9185936482
9744517297
9077893600
9086090764
9750362178
9323971290
9773238242
9533960519
9649854140
9372163120
9265723462
9064618951
9173623900
9084074065
9255976264
9751554551
9678550070
9776913157
9477053681
9620223505
9657958662
9643943457
9660380139
9497814296
9645249612
9221587791
9603908632
9451278553
9581431204
9443104181
9526447818
9677923384
9387534835
9067442150
9642625687
9508507439
9638187838
9795018610
9350381314
9325177477
9288815642
9254762120
9796208755
9272193146
9344181558
9671862624
9370945493
9405192106
9152306286
9117277093
9248353873
9815544674
9763900674
9059976510
9343149282
9411201102
9403324436
9169665651
9236359982
9139014812
9065067491
9238715241
9195528448
9627928079
9686217917
9634333042
9591861259
9516199316
9601193921
9418203135
9544834180
9713581149
9852579096
9427221487
9759905687
9684559579
9754448044
9083492998
9591024361
9205410994
9760873338
9471743184
9841777068
9727402503
9097609430
9253372851
9721790593
9256479847
9267003653
9748199456
9533303011
9315764608
9418418338
9483189047
9084052439
9696995894
9751374913
9167843402
9660112276
9849809395
9597191398
9078070221
9680869094
9457576007
